Step 8 — EoMT anomaly detection — all models (baseline T=1.0)

                                  SMIYC RA-21         SMIYC RO-21            FS L&F            FS Static          Road Anomaly   
Model            Method           AuPRC     FPR95     AuPRC     FPR95     AuPRC     FPR95     AuPRC     FPR95     AuPRC     FPR95
---------------------------------------------------------------------------------------------------------------------------------
EoMT-COCO        MSP              21.09     81.57      0.54     99.98      0.60     80.90     14.44     70.58     28.20     90.33
                 MaxLogit         57.03     62.89     53.41     99.98      0.55     92.04     72.42     61.46     67.55     81.09
                 MaxEntropy       25.78     77.14      0.85     99.98      0.62     80.96     23.25     70.25     36.93     92.21
                 RbA              26.53     81.86      2.67    100.00      1.52     38.68      4.50     99.74     17.79     96.86
---------------------------------------------------------------------------------------------------------------------------------
EoMT-CS          MSP              71.42     17.64     51.72    100.00     30.69     14.94     52.46     76.86     75.27     32.76
                 MaxLogit         73.11     20.92     48.73    100.00     26.44     16.44     53.40     77.53     70.90     45.01
                 MaxEntropy       71.73     17.60     51.87    100.00     30.24     15.54     50.00     76.87     74.92     32.49
                 RbA              68.64     32.99     79.33      0.82     30.74     14.69     55.80     34.39     75.75     20.27
---------------------------------------------------------------------------------------------------------------------------------
EoMT-FT-phased   MSP              58.00     95.96     23.76     99.96     42.94     32.41     72.86     15.14     54.42     82.40
                 MaxLogit         67.34     95.71     60.34     68.24     20.92     28.66     59.10     16.19     58.78     37.23
                 MaxEntropy       57.46     95.92     20.58     99.96     40.31     31.58     74.58     14.99     55.70     83.00
                 RbA              61.50     23.87     20.13     70.20     42.46     21.34     71.10     12.10     61.22     26.23
---------------------------------------------------------------------------------------------------------------------------------
EoMT-FT-full     MSP              37.57     91.18     11.26     79.19     23.91     36.52     48.22     46.58     37.56     75.65
                 MaxLogit         37.88     90.17     24.85     99.99     25.30     35.89     53.24     65.47     44.07     63.51
                 MaxEntropy       37.43     91.17     12.87     79.21     25.34     36.78     48.48     50.13     39.12     76.63
                 RbA              53.53     43.87     12.28     39.67     22.38     17.41     44.55     21.92     43.92     23.04
---------------------------------------------------------------------------------------------------------------------------------
